D 1
F 2
M 1
S 4

sd 
190.000000 
sf 
50.300000 105.800000 
sm 
130.600000 
ss 
5.500000 62.000000 11.000000 23.800000 

cd 
3.000000 5.000000  

cf 
7.000000  
4.000000  

cm 
1.000000 1.200000 0.800000 0.500000  


ud 
10.000000 
uf 
5.000000 8.000000 
um 
2.000000 
p 
70.000000 65.000000 20.000000 95.000000 

xdminmax 
0.000000 200.000000  
0.000000 200.000000  
xfminmax 
0.000000 200.000000  
0.000000 200.000000  
xmminmax 
0.000000 200.000000  
0.000000 200.000000  
0.000000 200.000000  
0.000000 200.000000  
